l 0   318 9  
b 0   28  318
l 318 383 28 
b 28  125 383
l 383 416 125
t 60  125 416
l 416 448 60 
t 28  60  448
l 448 578 28 
b 28  93  578
b 189 677 578
l 578 599 93 
r 578 599 189
r 546 578 677
b 677 710 546
r 513 546 710
b 710 775 513
r 416 513 775
t 743 775 416
r 383 416 743
b 743 775 383
r 0   383 775
r 351 384 645
t 645 711 384
l 351 384 711
b 645 711 351
r 318 351 547
t 547 613 351
l 318 351 613
b 547 613 318
r 318 351 385
t 385 418 351
l 318 351 418
b 385 418 318
r 318 351 287
t 287 353 351
l 318 351 353
b 287 353 318